Run semi-empirical minimization
 &qmmm
    qm_theory='AM1', grms_tol=0.0005,
 scfconv=1.d-10, ndiis_attempts=700,   qmcharge=0,
 /
   6     C        0.9730       -0.0350        0.1190 
   6    C1        0.2180        1.0320        0.4120 
   6    C2       -1.2490        1.0220        0.5050 
   6    C3       -1.9700       -0.1110        0.9070 
   6    C4       -3.3630       -0.0710        1.0120 
   6    C5       -4.0510        1.1070        0.7290 
   6    C6       -3.3470        2.2450        0.3440 
   6    C7       -1.9540        2.2040        0.2380 
   1     H        0.5510       -1.0120       -0.0880 
   1    H1        2.0540        0.0560        0.0660 
   1    H2        0.7030        1.9900        0.5840 
   1    H3       -1.4570       -1.0360        1.1540 
   1    H4       -3.9080       -0.9590        1.3220 
   1    H5       -5.1340        1.1380        0.8130 
   1    H6       -3.8810        3.1670        0.1270 
   1    H7       -1.4240        3.1050       -0.0650 

