Run semi-empirical minimization
 &qmmm
    qm_theory='AM1', grms_tol=0.0005,
 scfconv=1.d-10, ndiis_attempts=700,   qmcharge=0,
 /
   1     H        0.9560        0.0860       -0.0740 
   6     C        2.0510        0.0870       -0.0640 
   1    H1        2.3970       -0.8430       -0.5260 
   1    H2        2.3970        0.9250       -0.6780 
   6    C1        2.5670        0.2080        1.3580 
   1    H3        2.1840        1.1330        1.8070 
   1    H4        2.1840       -0.6260        1.9570 
   6    C2        4.0950        0.2110        1.3860 
   1    H5        4.4720       -0.7130        0.9320 
   1    H6        4.4720        1.0460        0.7830 
   6    C3        4.6190        0.3310        2.8140 
   1    H7        4.2400        1.2540        3.2690 
   1    H8        4.2430       -0.5040        3.4170 
   6    C4        6.1460        0.3360        2.8420 
   1    H9        6.5310       -0.5870        2.3920 
   1   H10        6.5290        1.1720        2.2450 
   6    C5        6.6630        0.4550        4.2650 
   1   H11        6.3150        1.3840        4.7290 
   1   H12        6.3180       -0.3840        4.8770 
   1   H13        7.7580        0.4580        4.2750 

