Run semi-empirical minimization
 &qmmm
    qm_theory='AM1', grms_tol=0.0005,
 scfconv=1.d-10, ndiis_attempts=700,   qmcharge=0,
 /
   6     C        1.0330       -0.0430        0.0710 
   6    C1        2.5510       -0.0490        0.0600 
   6    C2        3.0870       -0.9680       -1.0360 
   6    C3        4.6140       -0.9780       -1.0480 
   6    C4        5.1500       -1.8950       -2.1450 
   6    C5        6.6680       -1.9030       -2.1540 
   1     H        0.6600        0.6180        0.8590 
   1    H1        0.6390       -1.0480        0.2540 
   1    H2        0.6370        0.3110       -0.8870 
   1    H3        2.9200       -0.3800        1.0390 
   1    H4        2.9170        0.9730       -0.0960 
   1    H5        2.7140       -0.6340       -2.0120 
   1    H6        2.7140       -1.9870       -0.8780 
   1    H7        4.9870       -1.3130       -0.0730 
   1    H8        4.9870        0.0410       -1.2050 
   1    H9        4.7830       -1.5630       -3.1230 
   1   H10        4.7830       -2.9170       -1.9910 
   1   H11        7.0630       -0.8980       -2.3350 
   1   H12        7.0410       -2.5630       -2.9440 
   1   H13        7.0630       -2.2600       -1.1970 

