Run semi-empirical minimization
 &qmmm
    qm_theory='AM1', grms_tol=0.0005,
 scfconv=1.d-10, ndiis_attempts=700,   qmcharge=0,
 /
   1     H        1.0020        0.0410        0.0330 
   6     C        2.0970        0.0490        0.0390 
   1    H1        2.4430       -0.8860        0.4920 
   1    H2        2.4430        0.0760       -1.0000 
   6    C1        2.6130        1.2490        0.8120 
   1    H3        2.2300        2.1690        0.3550 
   1    H4        2.2300        1.2120        1.8390 
   6    C2        4.1410        1.2720        0.8280 
   1    H5        4.5180        0.3480        1.2800 
   1    H6        4.5180        1.3060       -0.2020 
   6    C3        4.6650        2.4760        1.6060 
   1    H7        4.2860        3.4010        1.1540 
   1    H8        4.2880        2.4420        2.6350 
   6    C4        6.1920        2.5010        1.6190 
   1    H9        6.5770        1.5800        2.0740 
   1   H10        6.5750        2.5390        0.5930 
   6    C5        6.7090        3.6990        2.3950 
   1   H11        6.3610        4.6350        1.9440 
   1   H12        6.3640        3.6700        3.4330 
   1   H13        7.8030        3.7080        2.3990 

